Task 1 Results: Effect of Window Size N on Transfer Delay
======================================================================

Test Configuration:
  Server: 152.7.176.68:7735
  Input File: testfile_1mb.bin (1.00 MB)
  MSS: 500 bytes
  Loss Probability: 0.05 (5%)
  Runs per N: 5

Results:
----------------------------------------------------------------------
N	Avg (s)		Min (s)		Max (s)		All Times
----------------------------------------------------------------------
1	126.564		119.892		132.184		130.197, 125.084, 132.184, 125.463, 119.892
2	89.582		79.901		95.184		95.184, 93.076, 90.825, 88.924, 79.901
4	75.849		67.471		83.677		83.677, 76.568, 69.189, 67.471, 82.340
8	66.857		61.316		70.745		70.745, 68.512, 66.713, 61.316, 67.001
16	64.132		57.459		71.280		57.459, 71.280, 64.405, 63.036, 64.483
32	69.699		64.280		79.284		64.534, 65.145, 64.280, 79.284, 75.252
64	68.206		56.749		85.259		85.259, 66.973, 66.234, 56.749, 65.815
128	65.623		55.477		76.631		56.250, 55.477, 76.631, 71.364, 68.394
256	63.598		58.104		68.858		68.858, 62.075, 64.738, 58.104, 64.215
512	66.693		63.670		68.098		67.716, 68.098, 66.867, 63.670, 67.117
1024	68.116		60.331		79.989		62.586, 65.042, 79.989, 72.633, 60.331

======================================================================
Data for Plotting (copy into Python):
window_sizes = [1, 2, 4, 8, 16, 32, 64, 128, 256, 512, 1024]
avg_delays = [126.564, 89.582, 75.849, 66.857, 64.132, 69.699, 68.206, 65.623, 63.598, 66.693, 68.116]
